mrmr1-10  0.8967171 0.7350361 0.8049102 0.7060606
mrmr11-20 0.8872072 0.7001113 0.7787866 0.6663462
mrmr21-30 0.8877520 0.6948350 0.7744641 0.6601852
mrmr31-40 0.8715134 0.6924616 0.7681377 0.6627551
mrmr41-50 0.8981610 0.6925932 0.7784343 0.6655000
mrmr51-60 0.9059051 0.6970841 0.7848820 0.6750000
mrmr61-70 0.8741675 0.7000812 0.7750725 0.6625000
varimp1-10 0.8388374 0.7209276 0.7722028 0.6692308
varimp11-20 0.8323439 0.7108372 0.7620694 0.6595000
varimp21-30 0.8869552 0.7136994 0.7875914 0.6833333
varimp31-40 0.9316913 0.6902860 0.7909985 0.6663043
varimp41-50 0.9166597 0.6974288 0.7889323 0.6760870
varimp51-60 0.9307182 0.6966189 0.7948709 0.6758929
varimp61-70 0.9299958 0.6741252 0.7792312 0.6607143