"";"aa";"1-kestose";"Nystose";"Raffinose";"Stachyose"
"1";"A";-1,43676223303848;-1,60579308398418;-1,43676223303848;-1,43676223303848
"2";"R";0,760638829255665;0,591607978309962;0,760638829255665;0,760638829255665
"3";"N";-0,253546276418555;-0,422577127364258;-0,253546276418555;-0,253546276418555
"4";"D";-0,591607978309962;-0,929669680201368;-0,591607978309962;-0,760638829255665
"5";"C";-1,60579308398418;1,60579308398418;-1,60579308398418;-1,60579308398418
"6";"E";0,591607978309962;0,422577127364258;0,591607978309962;0,591607978309962
"7";"Q";1,09870053114707;0,929669680201368;1,09870053114707;1,09870053114707
"8";"G";-1,09870053114707;-1,26773138209277;-1,09870053114707;-1,09870053114707
"9";"H";1,26773138209277;1,09870053114707;1,26773138209277;1,26773138209277
"10";"I";-0,0845154254728517;-0,253546276418555;-0,0845154254728517;-0,0845154254728517
"11";"L";-0,929669680201368;-1,09870053114707;-0,929669680201368;-0,929669680201368
"12";"K";0,0845154254728517;0,0845154254728517;0,253546276418555;0,253546276418555
"13";"M";1,60579308398418;1,43676223303848;1,60579308398418;1,60579308398418
"14";"F";0,929669680201368;0,760638829255665;0,929669680201368;0,929669680201368
"15";"P";0,422577127364258;0,253546276418555;0,422577127364258;0,422577127364258
"16";"S";-1,26773138209277;-1,43676223303848;-1,26773138209277;-1,26773138209277
"17";"T";-0,422577127364258;-0,591607978309962;-0,422577127364258;-0,422577127364258
"18";"W";1,43676223303848;1,26773138209277;1,43676223303848;1,43676223303848
"19";"Y";0,253546276418555;-0,0845154254728517;0,0845154254728517;0,0845154254728517
"20";"V";-0,760638829255665;-0,760638829255665;-0,760638829255665;-0,591607978309962
